aloo_shimla_mirch 0.521667 0.799444 0.946667 0.398889
aloo_shimla_mirch 0.533333 0.210556 0.830000 0.421111
aloo_shimla_mirch 0.611667 0.657778 0.200000 0.091111
aloo_shimla_mirch 0.753333 0.270556 0.126667 0.063333
aloo_shimla_mirch 0.190000 0.724444 0.073333 0.093333
aloo_shimla_mirch 0.724167 0.111111 0.128333 0.055556
aloo_shimla_mirch 0.510000 0.209444 0.973333 0.418889
aloo_shimla_mirch 0.562500 0.133333 0.155000 0.066667
aloo_shimla_mirch 0.815000 0.875556 0.163333 0.075556
aloo_shimla_mirch 0.820000 0.616667 0.160000 0.040000
aloo_shimla_mirch 0.493333 0.798889 0.980000 0.400000
