dharwad_pedha 0.686538 0.714286 0.442308 0.389098
dharwad_pedha 0.385769 0.408835 0.291538 0.289474
dharwad_pedha 0.831538 0.338346 0.335385 0.475564
dharwad_pedha 0.239231 0.742481 0.475385 0.349624
dharwad_pedha 0.138462 0.441259 0.276923 0.282895
dharwad_pedha 0.595769 0.434680 0.154615 0.279135
dharwad_pedha 0.456154 0.624530 0.310769 0.247180
dharwad_pedha 0.934615 0.755639 0.129231 0.310150
dharwad_pedha 0.425385 0.221805 0.252308 0.206767
dharwad_pedha 0.175385 0.191729 0.327692 0.359023
dharwad_pedha 0.040769 0.187970 0.081538 0.193609
dharwad_pedha 0.599615 0.253759 0.151538 0.197368
