chak_hao_kheer 0.655714 0.510000 0.542857 0.270000
chak_hao_kheer 0.106429 0.815000 0.155714 0.168000
chak_hao_kheer 0.907857 0.868500 0.124286 0.221000
chak_hao_kheer 0.792857 0.882000 0.237143 0.194000
chak_hao_kheer 0.187857 0.411000 0.318571 0.162000
chak_hao_kheer 0.792143 0.881500 0.238571 0.193000
chak_hao_kheer 0.305714 0.855000 0.557143 0.246000
chak_hao_kheer 0.354286 0.818000 0.328571 0.174000
chak_hao_kheer 0.171429 0.931500 0.282857 0.097000
chak_hao_kheer 0.187143 0.610000 0.317143 0.200000
chak_hao_kheer 0.660714 0.908000 0.084286 0.078000
