sohan_papdi 0.180000 0.661677 0.173333 0.257485
sohan_papdi 0.491667 0.423653 0.223333 0.278443
sohan_papdi 0.712500 0.673653 0.231667 0.263473
sohan_papdi 0.702500 0.291916 0.198333 0.260479
sohan_papdi 0.329167 0.516467 0.165000 0.266467
sohan_papdi 0.555000 0.793413 0.183333 0.239521
sohan_papdi 0.364167 0.796407 0.225000 0.299401
sohan_papdi 0.741667 0.829341 0.176667 0.215569
sohan_papdi 0.153333 0.471557 0.203333 0.254491
sohan_papdi 0.492500 0.618263 0.175000 0.194611
sohan_papdi 0.381667 0.181138 0.183333 0.266467
sohan_papdi 0.850833 0.610778 0.108333 0.257485
sohan_papdi 0.245833 0.324850 0.208333 0.296407
sohan_papdi 0.617500 0.517964 0.161667 0.329341
