kajjikaya 0.705078 0.430729 0.294531 0.294792
kajjikaya 0.307422 0.757292 0.611719 0.387500
kajjikaya 0.659766 0.817708 0.352344 0.362500
kajjikaya 0.297656 0.552604 0.564063 0.282292
kajjikaya 0.866797 0.435417 0.266406 0.281250
kajjikaya 0.404297 0.313542 0.289844 0.154167
kajjikaya 0.335547 0.411458 0.491406 0.185417
kajjikaya 0.705859 0.213021 0.149219 0.167708
kajjikaya 0.908203 0.824479 0.182031 0.348958
kajjikaya 0.857812 0.213542 0.165625 0.204167
kajjikaya 0.938672 0.246875 0.121094 0.204167
