dharwad_pedha 0.468750 0.515947 0.302500 0.405253
dharwad_pedha 0.897500 0.303002 0.200000 0.234522
dharwad_pedha 0.721250 0.414634 0.297500 0.326454
dharwad_pedha 0.882500 0.546904 0.232500 0.328330
dharwad_pedha 0.529375 0.166979 0.248750 0.333959
dharwad_pedha 0.720625 0.162289 0.181250 0.223265
dharwad_pedha 0.154375 0.745779 0.276250 0.287054
dharwad_pedha 0.088125 0.540338 0.176250 0.303940
dharwad_pedha 0.671250 0.716698 0.285000 0.330206
dharwad_pedha 0.304375 0.612570 0.193750 0.219512
dharwad_pedha 0.288750 0.318949 0.257500 0.409006
dharwad_pedha 0.424375 0.832083 0.308750 0.290807
